
Project 2

Jonathan Frias

Bob Harding

Nick Hecht

Ismael Texidor

We wrote the project in ruby and used an object-oriented approach. 
We defined a class to represent each type of algorithm and every class
extends a common base the provides helpful functionality for using that algorithm. 

We had trouble programming the round robin algorithms. We found thatthe given algorithm seemed needlessly messy in terms of when the
new job should be added to the queue. My implementation is 
closer to other reference round-robin implementations that we've seen,
but differs in exactly when new jobs are added to the ready queue. 

Issues We had with the project.

Should have finished the project sooner, but it was super fun!

The best average turn-around time that the round robin could achieve using a large time quantum is the same as the average turn-around time of the first come first serve.

For Round Robin of the medium file, a time quantum of 20 turned out to be the best. 
An interesting side note is that round robin seems to rarely ever to better than first come first serve, something that did not intuitively seem like it should be true. More analysis of complex datasets should be studied.


===== Program output below =====

$ ruby main.rb sample_files/simple1.txt 3
FCFS
Job 000 001 002 003
    007 009 007 005

SJN
Job 000 001 002 003
    007 010 003 005

SRT
Job 000 001 002 003
    014 005 001 002

RR
Job 000 001 002 003
    014 009 005 004

Averages:
fcfs: 7.0
sjn: 6.25
srt: 5.5 <-- Best
rr: 8.0
$ ruby main.rb sample_files/easy.txt 3
FCFS
Job 000 001 002 003 004 005 006 007 008 009
    005 006 015 012 012 014 011 007 009 009

SJN
Job 000 001 002 003 004 005 006 007 008 009
    005 006 015 013 009 014 011 007 009 009

SRT
Job 000 001 002 003 004 005 006 007 008 009
    007 002 033 004 001 005 006 003 013 004

RR
Job 000 001 002 003 004 005 006 007 008 009
    010 004 027 005 008 013 014 004 012 009

Averages:
fcfs: 10.0
sjn: 9.8
srt: 7.8 <-- Best
rr: 10.6
$ ruby main.rb sample_files/hard.txt 3
FCFS
Job 000 001 002 003 004 005 006 007 008 009
    001 002 002 001 002 002 001 002 003 002

SJN
Job 000 001 002 003 004 005 006 007 008 009
    001 002 002 001 002 002 003 002 001 002

SRT
Job 000 001 002 003 004 005 006 007 008 009
    001 002 002 001 002 002 003 002 001 002

RR
Job 000 001 002 003 004 005 006 007 008 009
    001 002 002 001 002 002 001 002 003 002

Averages:
fcfs: 1.8 <-- Best
sjn: 1.8 <-- Best
srt: 1.8 <-- Best
rr: 1.8 <-- Best
$ ruby main.rb sample_files/medium.txt 1
FCFS
Job 000 001 002 003 004 005 006 007 008 009 010 011 012 013 014 015 016 017 018 019 020 021 022 023 024
    011 009 015 020 030 038 043 038 055 066 073 086 089 096 111 130 140 140 140 142 154 157 159 152 151

SJN
Job 000 001 002 003 004 005 006 007 008 009 010 011 012 013 014 015 016 017 018 019 020 021 022 023 024
    011 009 015 041 087 026 013 008 164 128 042 095 011 181 127 200 066 007 003 008 146 019 011 011 048

SRT
Job 000 001 002 003 004 005 006 007 008 009 010 011 012 013 014 015 016 017 018 019 020 021 022 023 024
    016 005 093 031 077 018 007 002 164 128 032 095 003 181 127 200 066 004 001 005 146 010 003 006 048

RR
Job 000 001 002 003 004 005 006 007 008 009 010 011 012 013 014 015 016 017 018 019 020 021 022 023 024
    015 010 110 098 123 099 074 013 206 180 152 179 036 196 183 200 170 052 015 085 183 109 056 091 144

Averages:
fcfs: 89.8
sjn: 59.08
srt: 58.72 <-- Best
rr: 111.16
$ ruby main.rb sample_files/medium.txt 2
FCFS
Job 000 001 002 003 004 005 006 007 008 009 010 011 012 013 014 015 016 017 018 019 020 021 022 023 024
    011 009 015 020 030 038 043 038 055 066 073 086 089 096 111 130 140 140 140 142 154 157 159 152 151

SJN
Job 000 001 002 003 004 005 006 007 008 009 010 011 012 013 014 015 016 017 018 019 020 021 022 023 024
    011 009 015 041 087 026 013 008 164 128 042 095 011 181 127 200 066 007 003 008 146 019 011 011 048

SRT
Job 000 001 002 003 004 005 006 007 008 009 010 011 012 013 014 015 016 017 018 019 020 021 022 023 024
    016 005 093 031 077 018 007 002 164 128 032 095 003 181 127 200 066 004 001 005 146 010 003 006 048

RR
Job 000 001 002 003 004 005 006 007 008 009 010 011 012 013 014 015 016 017 018 019 020 021 022 023 024
    015 011 100 075 122 098 074 010 199 171 157 176 051 195 187 200 174 065 029 092 182 117 067 090 143

Averages:
fcfs: 89.8
sjn: 59.08
srt: 58.72 <-- Best
rr: 112.0
$ ruby main.rb sample_files/medium.txt 5
FCFS
Job 000 001 002 003 004 005 006 007 008 009 010 011 012 013 014 015 016 017 018 019 020 021 022 023 024
    011 009 015 020 030 038 043 038 055 066 073 086 089 096 111 130 140 140 140 142 154 157 159 152 151

SJN
Job 000 001 002 003 004 005 006 007 008 009 010 011 012 013 014 015 016 017 018 019 020 021 022 023 024
    011 009 015 041 087 026 013 008 164 128 042 095 011 181 127 200 066 007 003 008 146 019 011 011 048

SRT
Job 000 001 002 003 004 005 006 007 008 009 010 011 012 013 014 015 016 017 018 019 020 021 022 023 024
    016 005 093 031 077 018 007 002 164 128 032 095 003 181 127 200 066 004 001 005 146 010 003 006 048

RR
Job 000 001 002 003 004 005 006 007 008 009 010 011 012 013 014 015 016 017 018 019 020 021 022 023 024
    016 008 074 032 105 051 067 023 200 163 162 165 046 189 170 197 174 056 056 063 184 128 071 120 143

Averages:
fcfs: 89.8
sjn: 59.08
srt: 58.72 <-- Best
rr: 106.52
$ ruby main.rb sample_files/medium.txt 10
FCFS
Job 000 001 002 003 004 005 006 007 008 009 010 011 012 013 014 015 016 017 018 019 020 021 022 023 024
    011 009 015 020 030 038 043 038 055 066 073 086 089 096 111 130 140 140 140 142 154 157 159 152 151

SJN
Job 000 001 002 003 004 005 006 007 008 009 010 011 012 013 014 015 016 017 018 019 020 021 022 023 024
    011 009 015 041 087 026 013 008 164 128 042 095 011 181 127 200 066 007 003 008 146 019 011 011 048

SRT
Job 000 001 002 003 004 005 006 007 008 009 010 011 012 013 014 015 016 017 018 019 020 021 022 023 024
    016 005 093 031 077 018 007 002 164 128 032 095 003 181 127 200 066 004 001 005 146 010 003 006 048

RR
Job 000 001 002 003 004 005 006 007 008 009 010 011 012 013 014 015 016 017 018 019 020 021 022 023 024
    016 008 051 017 091 034 039 037 157 164 161 174 071 171 176 185 185 097 097 099 180 106 108 109 151

Averages:
fcfs: 89.8
sjn: 59.08
srt: 58.72 <-- Best
rr: 107.36
$ ruby main.rb sample_files/medium.txt 15
FCFS
Job 000 001 002 003 004 005 006 007 008 009 010 011 012 013 014 015 016 017 018 019 020 021 022 023 024
    011 009 015 020 030 038 043 038 055 066 073 086 089 096 111 130 140 140 140 142 154 157 159 152 151

SJN
Job 000 001 002 003 004 005 006 007 008 009 010 011 012 013 014 015 016 017 018 019 020 021 022 023 024
    011 009 015 041 087 026 013 008 164 128 042 095 011 181 127 200 066 007 003 008 146 019 011 011 048

SRT
Job 000 001 002 003 004 005 006 007 008 009 010 011 012 013 014 015 016 017 018 019 020 021 022 023 024
    016 005 093 031 077 018 007 002 164 128 032 095 003 181 127 200 066 004 001 005 146 010 003 006 048

RR
Job 000 001 002 003 004 005 006 007 008 009 010 011 012 013 014 015 016 017 018 019 020 021 022 023 024
    011 009 015 020 030 038 043 038 189 063 070 083 086 193 105 197 129 129 129 131 184 143 145 141 140

Averages:
fcfs: 89.8
sjn: 59.08
srt: 58.72 <-- Best
rr: 98.44
$ ruby main.rb sample_files/medium.txt 20
FCFS
Job 000 001 002 003 004 005 006 007 008 009 010 011 012 013 014 015 016 017 018 019 020 021 022 023 024
    011 009 015 020 030 038 043 038 055 066 073 086 089 096 111 130 140 140 140 142 154 157 159 152 151

SJN
Job 000 001 002 003 004 005 006 007 008 009 010 011 012 013 014 015 016 017 018 019 020 021 022 023 024
    011 009 015 041 087 026 013 008 164 128 042 095 011 181 127 200 066 007 003 008 146 019 011 011 048

SRT
Job 000 001 002 003 004 005 006 007 008 009 010 011 012 013 014 015 016 017 018 019 020 021 022 023 024
    016 005 093 031 077 018 007 002 164 128 032 095 003 181 127 200 066 004 001 005 146 010 003 006 048

RR
Job 000 001 002 003 004 005 006 007 008 009 010 011 012 013 014 015 016 017 018 019 020 021 022 023 024
    011 009 015 020 030 038 043 038 055 066 073 086 089 096 111 130 140 140 140 142 154 157 159 152 151

Averages:
fcfs: 89.8
sjn: 59.08
srt: 58.72 <-- Best
rr: 89.8
 
